-3.000000000000000000e+00 -3.000000000000000000e+00
-3.000000000000000000e+00 -3.000000000000000000e+00
-3.000000000000000000e+00 -3.000000000000000000e+00
4.250000000000000000e+01 1.350000000000000000e+01
4.250000000000000000e+01 1.350000000000000000e+01
4.250000000000000000e+01 1.350000000000000000e+01
4.250000000000000000e+01 1.350000000000000000e+01
4.250000000000000000e+01 1.350000000000000000e+01
1.430000000000000000e+02 4.300000000000000000e+01
1.430000000000000000e+02 4.300000000000000000e+01
1.430000000000000000e+02 4.300000000000000000e+01
1.280000000000000000e+02 2.800000000000000000e+01
1.280000000000000000e+02 2.800000000000000000e+01
1.280000000000000000e+02 2.800000000000000000e+01
1.585000000000000000e+02 3.150000000000000000e+01
1.585000000000000000e+02 3.150000000000000000e+01
1.585000000000000000e+02 3.150000000000000000e+01
1.520000000000000000e+02 3.500000000000000000e+01
1.520000000000000000e+02 3.500000000000000000e+01
1.520000000000000000e+02 3.500000000000000000e+01
1.590000000000000000e+02 4.300000000000000000e+01
1.590000000000000000e+02 4.300000000000000000e+01
1.590000000000000000e+02 4.300000000000000000e+01
1.590000000000000000e+02 4.300000000000000000e+01
1.685000000000000000e+02 3.050000000000000000e+01
1.685000000000000000e+02 3.050000000000000000e+01
1.685000000000000000e+02 3.050000000000000000e+01
1.695000000000000000e+02 3.850000000000000000e+01
1.695000000000000000e+02 3.850000000000000000e+01
1.695000000000000000e+02 3.850000000000000000e+01
1.600000000000000000e+02 4.500000000000000000e+01
1.600000000000000000e+02 4.500000000000000000e+01
1.515000000000000000e+02 5.250000000000000000e+01
1.515000000000000000e+02 5.250000000000000000e+01
1.515000000000000000e+02 5.250000000000000000e+01
1.515000000000000000e+02 5.250000000000000000e+01
1.520000000000000000e+02 5.200000000000000000e+01
1.520000000000000000e+02 5.200000000000000000e+01
1.520000000000000000e+02 5.200000000000000000e+01
1.520000000000000000e+02 5.200000000000000000e+01
1.520000000000000000e+02 5.200000000000000000e+01
1.520000000000000000e+02 4.900000000000000000e+01
1.520000000000000000e+02 4.900000000000000000e+01
1.520000000000000000e+02 4.900000000000000000e+01
1.555000000000000000e+02 5.450000000000000000e+01
1.555000000000000000e+02 5.450000000000000000e+01
1.555000000000000000e+02 5.450000000000000000e+01
1.555000000000000000e+02 5.450000000000000000e+01
1.670000000000000000e+02 4.100000000000000000e+01
1.670000000000000000e+02 4.100000000000000000e+01
1.670000000000000000e+02 4.100000000000000000e+01
1.630000000000000000e+02 4.100000000000000000e+01
1.630000000000000000e+02 4.100000000000000000e+01
1.630000000000000000e+02 4.100000000000000000e+01
1.535000000000000000e+02 4.050000000000000000e+01
1.535000000000000000e+02 4.050000000000000000e+01
1.535000000000000000e+02 4.050000000000000000e+01
1.545000000000000000e+02 3.750000000000000000e+01
1.545000000000000000e+02 3.750000000000000000e+01
1.545000000000000000e+02 3.750000000000000000e+01
1.500000000000000000e+02 4.400000000000000000e+01
1.500000000000000000e+02 4.400000000000000000e+01
1.500000000000000000e+02 4.400000000000000000e+01
1.500000000000000000e+02 4.400000000000000000e+01
1.570000000000000000e+02 4.900000000000000000e+01
1.570000000000000000e+02 4.900000000000000000e+01
1.570000000000000000e+02 4.800000000000000000e+01
1.570000000000000000e+02 4.800000000000000000e+01
1.570000000000000000e+02 4.800000000000000000e+01
1.570000000000000000e+02 4.800000000000000000e+01
1.580000000000000000e+02 4.800000000000000000e+01
1.580000000000000000e+02 4.800000000000000000e+01
1.580000000000000000e+02 4.800000000000000000e+01
1.545000000000000000e+02 4.350000000000000000e+01
1.545000000000000000e+02 4.350000000000000000e+01
1.545000000000000000e+02 4.350000000000000000e+01
1.545000000000000000e+02 4.350000000000000000e+01
1.545000000000000000e+02 4.350000000000000000e+01
1.545000000000000000e+02 4.350000000000000000e+01
1.550000000000000000e+02 3.900000000000000000e+01
1.550000000000000000e+02 3.900000000000000000e+01
1.550000000000000000e+02 3.900000000000000000e+01
1.550000000000000000e+02 3.900000000000000000e+01
1.560000000000000000e+02 4.400000000000000000e+01
1.560000000000000000e+02 4.400000000000000000e+01
1.560000000000000000e+02 4.400000000000000000e+01
1.575000000000000000e+02 5.250000000000000000e+01
1.575000000000000000e+02 5.250000000000000000e+01
1.575000000000000000e+02 5.250000000000000000e+01
1.750000000000000000e+02 3.300000000000000000e+01
1.750000000000000000e+02 3.300000000000000000e+01
1.750000000000000000e+02 3.300000000000000000e+01
1.715000000000000000e+02 3.250000000000000000e+01
1.715000000000000000e+02 3.250000000000000000e+01
1.715000000000000000e+02 3.250000000000000000e+01
1.695000000000000000e+02 4.750000000000000000e+01
1.695000000000000000e+02 4.750000000000000000e+01
1.695000000000000000e+02 4.750000000000000000e+01
1.695000000000000000e+02 2.850000000000000000e+01
1.695000000000000000e+02 2.850000000000000000e+01
1.695000000000000000e+02 2.850000000000000000e+01
1.695000000000000000e+02 2.850000000000000000e+01
1.620000000000000000e+02 3.800000000000000000e+01
1.620000000000000000e+02 3.800000000000000000e+01
1.620000000000000000e+02 3.800000000000000000e+01
1.620000000000000000e+02 4.100000000000000000e+01
1.620000000000000000e+02 4.100000000000000000e+01
1.620000000000000000e+02 4.100000000000000000e+01
1.630000000000000000e+02 4.200000000000000000e+01
1.630000000000000000e+02 4.200000000000000000e+01
1.630000000000000000e+02 4.200000000000000000e+01
1.570000000000000000e+02 4.800000000000000000e+01
1.570000000000000000e+02 4.800000000000000000e+01
1.570000000000000000e+02 4.800000000000000000e+01
1.440000000000000000e+02 4.800000000000000000e+01
1.440000000000000000e+02 4.800000000000000000e+01
1.440000000000000000e+02 4.800000000000000000e+01
1.565000000000000000e+02 4.750000000000000000e+01
1.565000000000000000e+02 4.750000000000000000e+01
1.565000000000000000e+02 4.750000000000000000e+01
1.565000000000000000e+02 4.750000000000000000e+01
1.510000000000000000e+02 5.400000000000000000e+01
1.510000000000000000e+02 5.400000000000000000e+01
1.510000000000000000e+02 5.400000000000000000e+01
1.500000000000000000e+02 5.600000000000000000e+01
1.500000000000000000e+02 5.600000000000000000e+01
1.500000000000000000e+02 5.600000000000000000e+01
1.680000000000000000e+02 3.900000000000000000e+01
1.680000000000000000e+02 3.900000000000000000e+01
1.680000000000000000e+02 3.900000000000000000e+01
1.490000000000000000e+02 4.800000000000000000e+01
1.490000000000000000e+02 4.800000000000000000e+01
1.490000000000000000e+02 4.800000000000000000e+01
1.675000000000000000e+02 -2.250000000000000000e+01
1.675000000000000000e+02 -2.250000000000000000e+01
1.675000000000000000e+02 -2.250000000000000000e+01
1.675000000000000000e+02 -2.250000000000000000e+01
1.565000000000000000e+02 -4.050000000000000000e+01
1.565000000000000000e+02 -4.050000000000000000e+01
1.565000000000000000e+02 -4.050000000000000000e+01
1.485000000000000000e+02 -4.350000000000000000e+01
1.485000000000000000e+02 -4.350000000000000000e+01
1.485000000000000000e+02 -4.350000000000000000e+01
1.545000000000000000e+02 -3.850000000000000000e+01
1.545000000000000000e+02 -3.850000000000000000e+01
1.545000000000000000e+02 -3.850000000000000000e+01
1.545000000000000000e+02 -3.850000000000000000e+01
1.610000000000000000e+02 -3.200000000000000000e+01
1.610000000000000000e+02 -3.200000000000000000e+01
1.610000000000000000e+02 -3.200000000000000000e+01
1.505000000000000000e+02 -3.250000000000000000e+01
1.505000000000000000e+02 -3.250000000000000000e+01
1.505000000000000000e+02 -3.250000000000000000e+01
1.650000000000000000e+02 -3.100000000000000000e+01
1.650000000000000000e+02 -3.100000000000000000e+01
1.650000000000000000e+02 -3.100000000000000000e+01
1.570000000000000000e+02 -4.600000000000000000e+01
1.570000000000000000e+02 -4.600000000000000000e+01
1.570000000000000000e+02 -4.600000000000000000e+01
1.505000000000000000e+02 -4.250000000000000000e+01
1.505000000000000000e+02 -4.250000000000000000e+01
1.505000000000000000e+02 -4.250000000000000000e+01
1.530000000000000000e+02 -4.500000000000000000e+01
1.530000000000000000e+02 -4.500000000000000000e+01
1.530000000000000000e+02 -4.500000000000000000e+01
1.645000000000000000e+02 -3.450000000000000000e+01
1.645000000000000000e+02 -3.450000000000000000e+01
1.645000000000000000e+02 -3.450000000000000000e+01
1.645000000000000000e+02 -3.450000000000000000e+01
1.645000000000000000e+02 -3.450000000000000000e+01
1.645000000000000000e+02 -3.450000000000000000e+01
1.655000000000000000e+02 -3.150000000000000000e+01
1.655000000000000000e+02 -3.150000000000000000e+01
1.655000000000000000e+02 -3.150000000000000000e+01
1.580000000000000000e+02 -3.600000000000000000e+01
1.580000000000000000e+02 -3.600000000000000000e+01
1.580000000000000000e+02 -3.600000000000000000e+01
1.580000000000000000e+02 -3.600000000000000000e+01
1.640000000000000000e+02 -4.300000000000000000e+01
1.640000000000000000e+02 -4.300000000000000000e+01
1.640000000000000000e+02 -4.300000000000000000e+01
1.640000000000000000e+02 -4.300000000000000000e+01
1.640000000000000000e+02 -4.300000000000000000e+01
1.580000000000000000e+02 -4.300000000000000000e+01
1.580000000000000000e+02 -4.300000000000000000e+01
1.580000000000000000e+02 -4.300000000000000000e+01
1.590000000000000000e+02 -4.800000000000000000e+01
1.590000000000000000e+02 -4.800000000000000000e+01
1.590000000000000000e+02 -4.800000000000000000e+01
1.590000000000000000e+02 -4.800000000000000000e+01
1.555000000000000000e+02 -4.650000000000000000e+01
1.555000000000000000e+02 -4.650000000000000000e+01
1.555000000000000000e+02 -4.650000000000000000e+01
1.600000000000000000e+02 -4.300000000000000000e+01
1.600000000000000000e+02 -4.300000000000000000e+01
1.600000000000000000e+02 -4.300000000000000000e+01
1.600000000000000000e+02 -4.300000000000000000e+01
1.660000000000000000e+02 -3.400000000000000000e+01
1.660000000000000000e+02 -3.400000000000000000e+01
1.580000000000000000e+02 -4.700000000000000000e+01
1.580000000000000000e+02 -4.700000000000000000e+01
1.580000000000000000e+02 -4.700000000000000000e+01
1.495000000000000000e+02 -4.350000000000000000e+01
1.495000000000000000e+02 -4.350000000000000000e+01
1.495000000000000000e+02 -4.350000000000000000e+01
1.495000000000000000e+02 -4.350000000000000000e+01
1.495000000000000000e+02 -4.350000000000000000e+01
1.605000000000000000e+02 -3.950000000000000000e+01
1.605000000000000000e+02 -3.950000000000000000e+01
1.605000000000000000e+02 -3.950000000000000000e+01
1.605000000000000000e+02 -3.950000000000000000e+01
1.590000000000000000e+02 -3.000000000000000000e+01
1.590000000000000000e+02 -3.000000000000000000e+01
1.590000000000000000e+02 -3.000000000000000000e+01
1.670000000000000000e+02 -3.500000000000000000e+01
1.670000000000000000e+02 -3.500000000000000000e+01
1.670000000000000000e+02 -3.500000000000000000e+01
1.650000000000000000e+02 -3.800000000000000000e+01
1.650000000000000000e+02 -3.800000000000000000e+01
1.625000000000000000e+02 -4.150000000000000000e+01
1.625000000000000000e+02 -4.150000000000000000e+01
1.625000000000000000e+02 -4.150000000000000000e+01
1.625000000000000000e+02 -4.150000000000000000e+01
1.630000000000000000e+02 -4.200000000000000000e+01
1.630000000000000000e+02 -4.200000000000000000e+01
1.630000000000000000e+02 -4.200000000000000000e+01
1.630000000000000000e+02 -4.200000000000000000e+01
1.520000000000000000e+02 -4.400000000000000000e+01
1.520000000000000000e+02 -4.400000000000000000e+01
1.520000000000000000e+02 -4.400000000000000000e+01
1.560000000000000000e+02 -4.100000000000000000e+01
1.560000000000000000e+02 -4.100000000000000000e+01
1.560000000000000000e+02 -4.100000000000000000e+01
1.605000000000000000e+02 -3.650000000000000000e+01
1.605000000000000000e+02 -3.650000000000000000e+01
1.605000000000000000e+02 -3.650000000000000000e+01
1.695000000000000000e+02 -3.650000000000000000e+01
1.695000000000000000e+02 -3.650000000000000000e+01
1.695000000000000000e+02 -3.650000000000000000e+01
1.695000000000000000e+02 -3.650000000000000000e+01
1.645000000000000000e+02 -3.450000000000000000e+01
1.645000000000000000e+02 -3.450000000000000000e+01
1.645000000000000000e+02 -3.450000000000000000e+01
1.625000000000000000e+02 -3.350000000000000000e+01
1.625000000000000000e+02 -3.350000000000000000e+01
1.685000000000000000e+02 -4.250000000000000000e+01
1.685000000000000000e+02 -4.250000000000000000e+01
1.685000000000000000e+02 -4.250000000000000000e+01
1.685000000000000000e+02 -4.250000000000000000e+01
1.590000000000000000e+02 -3.700000000000000000e+01
1.590000000000000000e+02 -3.700000000000000000e+01
1.590000000000000000e+02 -3.700000000000000000e+01
1.570000000000000000e+02 -4.700000000000000000e+01
1.570000000000000000e+02 -4.700000000000000000e+01
1.570000000000000000e+02 -4.700000000000000000e+01
1.505000000000000000e+02 -4.450000000000000000e+01
1.505000000000000000e+02 -4.450000000000000000e+01
1.505000000000000000e+02 -4.450000000000000000e+01
1.515000000000000000e+02 -4.550000000000000000e+01
1.515000000000000000e+02 -4.550000000000000000e+01
1.515000000000000000e+02 -4.550000000000000000e+01
1.515000000000000000e+02 -4.550000000000000000e+01
1.585000000000000000e+02 -3.950000000000000000e+01
1.585000000000000000e+02 -3.950000000000000000e+01
1.585000000000000000e+02 -3.950000000000000000e+01
1.610000000000000000e+02 -3.400000000000000000e+01
1.610000000000000000e+02 -3.400000000000000000e+01
1.660000000000000000e+02 -3.500000000000000000e+01
1.660000000000000000e+02 -3.500000000000000000e+01
1.660000000000000000e+02 -3.500000000000000000e+01
1.660000000000000000e+02 -3.500000000000000000e+01
1.610000000000000000e+02 -3.000000000000000000e+01
1.610000000000000000e+02 -3.000000000000000000e+01
1.610000000000000000e+02 -3.000000000000000000e+01
1.610000000000000000e+02 -3.000000000000000000e+01
1.680000000000000000e+02 -3.900000000000000000e+01
1.680000000000000000e+02 -3.900000000000000000e+01
1.680000000000000000e+02 -3.900000000000000000e+01
1.630000000000000000e+02 -4.200000000000000000e+01
